000000 01010 01011 01001 00000 100000
000000 01010 01011 01001 00000 100001
000000 10001 10010 10000 00000 100100
000000 01000 00000 00000 00000 001000
000000 01010 01011 01001 00000 100111
000000 01010 01011 01001 00000 100101
000000 01010 01011 01001 00000 101010
000000 01010 01011 01001 00000 101011
000000 00000 01010 01001 00101 000000
000000 00000 01010 01001 01010 000010
000000 01010 01011 01001 00000 100010
000000 01010 01011 01001 00000 100011
000000 01001 01010 00000 00000 011010
000000 01001 01010 00000 00000 011011
000000 00000 00000 01001 00000 010010
000000 00000 00000 01010 00000 010000
010000 00000 01001 01010 00000 000000
000000 01001 01010 00000 00000 011000
000000 01001 01010 00000 00000 011001
000000 00000 01010 01001 1000101 000011
001000 01101 01100 0000000001000101
001001 01111 01110 0000000001100000
001100 10100 10011 0000000000001010
000100 10110 10101 1111111111100110
000101 00100 10111 0000000000010010
100100 00110 00101 0000000000101000
100101 11001 11000 1111111111101100
110000 01010 01000 1111111110011100
001111 00000 01001 0000000001100100
100011 01010 01001 1111111111110110
001101 01010 01001 0000000001000101
001010 01010 01001 1111111111111011
001011 01010 01001 0000000000001010
101000 01010 01001 1111111111110110
111000 01010 01001 0000000000001010
101001 01010 01001 1111111110011100
101011 01010 01001 1111111111111011
110001 01001 00001 1111111110011100
110101 01001 00001 1111111111110110
111101 01010 00001 1111111110011100
111001 01010 00001 1111111111110110
000010 00000000000000000011000100
000011 00000000000000000000101000
001001 10000 10000 0000000001000101
001111 00000 00001 0000000001000000
001101 00001 00100 0000000010010000